0 Technic Peg Hole Negative for Alternate Beam Type 4 Half without Extensions
0 Name: npeghol21.dat
0 Author: Ralf Kochanowski [rkoch]
0 !LDRAW_ORG Unofficial_Primitive
0 !LICENSE Licensed under CC BY 4.0 : see CAreadme.txt

0 BFC CERTIFY CCW

0 // created from npeghol20.dat 2023-03-05, npeghol8 removed

1 16 0 0 10 -3.827 0 -9.239 0 1 0 -9.239 0 3.827 1-16tang.dat
1 16 0 0 10 3.827 0 9.239 0 1 0 -9.239 0 3.827 1-16tang.dat
1 16 7.071 10 -10 0 -10.898 0 -9 0 0 0 0 9 3-16cylo.dat
1 16 7.071 10 -10 0 1 0 -9 0 0 0 0 9 3-16ndis.dat
1 16 -3.827 10 -10 0 -1 0 -9 0 0 0 0 9 3-16tndis.dat
2 24 -3.827 6.5557 -1.6849 7.071 6.5557 -1.6849
1 16 0 0 10 3.827 0 -9.239 0 6.55585 0 -9.239 0 -3.827 1-8cylo.dat
2 24 -3.827 0 -1.68503 -3.827 0 -10
2 24 7.071 0 -1.685 7.071 0 -10
5 24 -3.82682 0 .761031 -3.826825 6.55585 .761031 -5.39479 0 1.3159 0 0 -.000505
2 24 -3.827 6.5557 -1.6849 -3.827 0 -1.68503
0 BFC INVERTNEXT
1 16 6.2056 0 .78272 .8672 0 .1095 0 6.5557 0 -.1865 0 .868 8\3-8cylo.dat
1 16 6.2056 6.556 .78272 .8672 0 .1095 0 1 0 -.1865 0 .868 8\3-8chrd.dat
4 16 5.66983 6.5557 1.528357 5.66983 0 1.528357 3.827 0 .761 3.827 6.55585 .761
3 16 7.071531 0 2.928681 5.66983 0 1.528357 6.3151 0 1.65072
3 16 7.071531 0 2.928681 6.3151 0 1.65072 6.89622 0 1.26461
3 16 7.071531 0 2.928681 6.89622 0 1.26461 7.0728 0 .59622
2 24 5.66983 6.5557 1.528357 3.827 6.55585 .761
2 24 3.827 0 .761 5.66983 0 1.528357
4 16 -3.827 6.5557 -1.6849 7.071 6.5557 -1.6849 3.827 6.55585 .761 0 6.55585 -.00051
3 16 0 6.55585 -.00051 -3.826825 6.55585 .761031 -3.827 6.5557 -1.6849
4 16 7.071 6.5557 -1.6849 7.0728 6.5557 .59622 5.66983 6.5557 1.528357 3.827 6.55585 .761
4 16 -3.827 0 -1.68503 -3.827 0 -10 -3.827 1 -10 -3.827 1 -1.6849
4 16 7.071 6.5557 -1.6849 7.071 1 -1 7.0728 0 .59622 7.0728 6.5557 .59622
4 16 7.071 1 -10 7.071 0 -10 7.0728 0 .59622 7.071 1 -1
2 24 7.0728 0 .59622 7.071 0 -1.685

0 BFC INVERTNEXT
1 16 -5.7844 0 .71245 -.38961 0 -.55971 0 6.556 0 -.60345 0 .43416 8\2-4cylo.dat
1 16 -5.7844 6.556 .7125 -.38961 0 -.55971 0 1 0 -.60345 0 .43416 8\2-4chrd.dat
4 16 -5.39479 0 1.3159 -5.39479 6.556 1.3159 -3.826825 6.55585 .761031 -3.826825 0 .761031
4 16 -6.17401 6.556 .109 -3.827 6.5557 -1.6849 -3.826825 6.55585 .761031 -5.39479 6.556 1.3159
2 24 -6.17401 6.556 .109 -3.827 6.5557 -1.6849
2 24 -5.39479 6.556 1.3159 -3.826825 6.55585 .761031
2 24 -3.826825 0 .761031 -5.39479 0 1.3159
2 24 -6.17401 0 .109 -3.827 0 -1.68503
3 16 -5.39479 0 1.3159 -3.826825 0 .761031 -5.664637 0 1.52219
3 16 -5.39479 0 1.3159 -5.664637 0 1.52219 -5.904678 0 1.446144
3 16 -5.904678 0 1.446144 -5.664637 0 1.52219 -7.071531 0 2.928681
3 16 -7.071531 0 2.928681 -6.34411 0 1.14661 -5.904678 0 1.446144
3 16 -6.455664 0 .592745 -6.34411 0 1.14661 -7.071531 0 2.928681
5 24 -5.39479 0 1.3159 -5.39479 6.556 1.3159 -5.904678 0 1.446144 -3.826825 0 .761031
5 24 3.827 0 .761 3.827 6.55585 .761 5.66983 0 1.528357 0 0 -.000505
5 24 5.66983 0 1.528357 5.66983 6.5557 1.528357 6.3151 0 1.65072 3.827 0 .761
5 24 7.0728 0 .59622 7.0728 6.5557 .59622 6.89622 0 1.26461 7.071 0 -1.685
2 24 7.0728 6.5557 .59622 7.071 6.5557 -1.6849
4 16 -3.827 1 -1.6849 -3.827 6.5557 -1.6849 -6.17401 6.556 .109 -6.17401 0 .109
3 16 -3.827 0 -1.68503 -3.827 1 -1.6849 -6.17401 0 .109
5 24 -6.17401 0 .109 -6.17401 6.556 0.109 -6.455664172 0 .592745041 -3.827 0 -1.68503
